-9;-9,-5;-9,-1;*
-8;-9,-5;-9,-1;*
-7;-9,-5;-9,-1;*
-6;-9,-5;-9,-1;*
-5;-9,-5;-9,-1;*
-4;-4,-1;-9,-1;*
-3;-4,-1;-9,-1;*
-2;-4,-1;-9,-1;*
-1;-4,-1;-9,-1;*
001;001,005;001,025;001,125;001,625;001,999;*
002;001,005;001,025;001,125;001,625;001,999;*
003;001,005;001,025;001,125;001,625;001,999;*
004;001,005;001,025;001,125;001,625;001,999;*
005;001,005;001,025;001,125;001,625;001,999;*
006;006,010;001,025;001,125;001,625;001,999;*
007;006,010;001,025;001,125;001,625;001,999;*
008;006,010;001,025;001,125;001,625;001,999;*
009;006,010;001,025;001,125;001,625;001,999;*
010;006,010;001,025;001,125;001,625;001,999;*
011;011,015;001,025;001,125;001,625;001,999;*
012;011,015;001,025;001,125;001,625;001,999;*
013;011,015;001,025;001,125;001,625;001,999;*
014;011,015;001,025;001,125;001,625;001,999;*
015;011,015;001,025;001,125;001,625;001,999;*
016;016,020;001,025;001,125;001,625;001,999;*
017;016,020;001,025;001,125;001,625;001,999;*
018;016,020;001,025;001,125;001,625;001,999;*
019;016,020;001,025;001,125;001,625;001,999;*
020;016,020;001,025;001,125;001,625;001,999;*
021;021,025;001,025;001,125;001,625;001,999;*
022;021,025;001,025;001,125;001,625;001,999;*
023;021,025;001,025;001,125;001,625;001,999;*
024;021,025;001,025;001,125;001,625;001,999;*
025;021,025;001,025;001,125;001,625;001,999;*
026;026,030;026,050;001,125;001,625;001,999;*
027;026,030;026,050;001,125;001,625;001,999;*
028;026,030;026,050;001,125;001,625;001,999;*
029;026,030;026,050;001,125;001,625;001,999;*
030;026,030;026,050;001,125;001,625;001,999;*
031;031,035;026,050;001,125;001,625;001,999;*
032;031,035;026,050;001,125;001,625;001,999;*
033;031,035;026,050;001,125;001,625;001,999;*
034;031,035;026,050;001,125;001,625;001,999;*
035;031,035;026,050;001,125;001,625;001,999;*
036;036,040;026,050;001,125;001,625;001,999;*
037;036,040;026,050;001,125;001,625;001,999;*
038;036,040;026,050;001,125;001,625;001,999;*
039;036,040;026,050;001,125;001,625;001,999;*
040;036,040;026,050;001,125;001,625;001,999;*
041;041,045;026,050;001,125;001,625;001,999;*
042;041,045;026,050;001,125;001,625;001,999;*
043;041,045;026,050;001,125;001,625;001,999;*
044;041,045;026,050;001,125;001,625;001,999;*
045;041,045;026,050;001,125;001,625;001,999;*
046;046,050;026,050;001,125;001,625;001,999;*
047;046,050;026,050;001,125;001,625;001,999;*
048;046,050;026,050;001,125;001,625;001,999;*
049;046,050;026,050;001,125;001,625;001,999;*
050;046,050;026,050;001,125;001,625;001,999;*
051;051,055;051,075;001,125;001,625;001,999;*
052;051,055;051,075;001,125;001,625;001,999;*
053;051,055;051,075;001,125;001,625;001,999;*
054;051,055;051,075;001,125;001,625;001,999;*
055;051,055;051,075;001,125;001,625;001,999;*
056;056,060;051,075;001,125;001,625;001,999;*
057;056,060;051,075;001,125;001,625;001,999;*
058;056,060;051,075;001,125;001,625;001,999;*
059;056,060;051,075;001,125;001,625;001,999;*
060;056,060;051,075;001,125;001,625;001,999;*
061;061,065;051,075;001,125;001,625;001,999;*
062;061,065;051,075;001,125;001,625;001,999;*
063;061,065;051,075;001,125;001,625;001,999;*
064;061,065;051,075;001,125;001,625;001,999;*
065;061,065;051,075;001,125;001,625;001,999;*
066;066,070;051,075;001,125;001,625;001,999;*
067;066,070;051,075;001,125;001,625;001,999;*
068;066,070;051,075;001,125;001,625;001,999;*
069;066,070;051,075;001,125;001,625;001,999;*
070;066,070;051,075;001,125;001,625;001,999;*
071;071,075;051,075;001,125;001,625;001,999;*
072;071,075;051,075;001,125;001,625;001,999;*
073;071,075;051,075;001,125;001,625;001,999;*
074;071,075;051,075;001,125;001,625;001,999;*
075;071,075;051,075;001,125;001,625;001,999;*
076;076,080;076,100;001,125;001,625;001,999;*
077;076,080;076,100;001,125;001,625;001,999;*
078;076,080;076,100;001,125;001,625;001,999;*
079;076,080;076,100;001,125;001,625;001,999;*
080;076,080;076,100;001,125;001,625;001,999;*
081;081,085;076,100;001,125;001,625;001,999;*
082;081,085;076,100;001,125;001,625;001,999;*
083;081,085;076,100;001,125;001,625;001,999;*
084;081,085;076,100;001,125;001,625;001,999;*
085;081,085;076,100;001,125;001,625;001,999;*
086;086,090;076,100;001,125;001,625;001,999;*
087;086,090;076,100;001,125;001,625;001,999;*
088;086,090;076,100;001,125;001,625;001,999;*
089;086,090;076,100;001,125;001,625;001,999;*
090;086,090;076,100;001,125;001,625;001,999;*
091;091,095;076,100;001,125;001,625;001,999;*
092;091,095;076,100;001,125;001,625;001,999;*
093;091,095;076,100;001,125;001,625;001,999;*
094;091,095;076,100;001,125;001,625;001,999;*
095;091,095;076,100;001,125;001,625;001,999;*
096;096,100;076,100;001,125;001,625;001,999;*
097;096,100;076,100;001,125;001,625;001,999;*
098;096,100;076,100;001,125;001,625;001,999;*
099;096,100;076,100;001,125;001,625;001,999;*
100;096,100;076,100;001,125;001,625;001,999;*
101;101,105;101,125;001,125;001,625;001,999;*
102;101,105;101,125;001,125;001,625;001,999;*
103;101,105;101,125;001,125;001,625;001,999;*
104;101,105;101,125;001,125;001,625;001,999;*
105;101,105;101,125;001,125;001,625;001,999;*
106;106,110;101,125;001,125;001,625;001,999;*
107;106,110;101,125;001,125;001,625;001,999;*
108;106,110;101,125;001,125;001,625;001,999;*
109;106,110;101,125;001,125;001,625;001,999;*
110;106,110;101,125;001,125;001,625;001,999;*
111;111,115;101,125;001,125;001,625;001,999;*
112;111,115;101,125;001,125;001,625;001,999;*
113;111,115;101,125;001,125;001,625;001,999;*
114;111,115;101,125;001,125;001,625;001,999;*
115;111,115;101,125;001,125;001,625;001,999;*
116;116,120;101,125;001,125;001,625;001,999;*
117;116,120;101,125;001,125;001,625;001,999;*
118;116,120;101,125;001,125;001,625;001,999;*
119;116,120;101,125;001,125;001,625;001,999;*
120;116,120;101,125;001,125;001,625;001,999;*
121;121,125;101,125;001,125;001,625;001,999;*
122;121,125;101,125;001,125;001,625;001,999;*
123;121,125;101,125;001,125;001,625;001,999;*
124;121,125;101,125;001,125;001,625;001,999;*
125;121,125;101,125;001,125;001,625;001,999;*
126;126,130;126,150;126,250;001,625;001,999;*
127;126,130;126,150;126,250;001,625;001,999;*
128;126,130;126,150;126,250;001,625;001,999;*
129;126,130;126,150;126,250;001,625;001,999;*
130;126,130;126,150;126,250;001,625;001,999;*
131;131,135;126,150;126,250;001,625;001,999;*
132;131,135;126,150;126,250;001,625;001,999;*
133;131,135;126,150;126,250;001,625;001,999;*
134;131,135;126,150;126,250;001,625;001,999;*
135;131,135;126,150;126,250;001,625;001,999;*
136;136,140;126,150;126,250;001,625;001,999;*
137;136,140;126,150;126,250;001,625;001,999;*
138;136,140;126,150;126,250;001,625;001,999;*
139;136,140;126,150;126,250;001,625;001,999;*
140;136,140;126,150;126,250;001,625;001,999;*
141;141,145;126,150;126,250;001,625;001,999;*
142;141,145;126,150;126,250;001,625;001,999;*
143;141,145;126,150;126,250;001,625;001,999;*
144;141,145;126,150;126,250;001,625;001,999;*
145;141,145;126,150;126,250;001,625;001,999;*
146;146,150;126,150;126,250;001,625;001,999;*
147;146,150;126,150;126,250;001,625;001,999;*
148;146,150;126,150;126,250;001,625;001,999;*
149;146,150;126,150;126,250;001,625;001,999;*
150;146,150;126,150;126,250;001,625;001,999;*
151;151,155;151,175;126,250;001,625;001,999;*
152;151,155;151,175;126,250;001,625;001,999;*
153;151,155;151,175;126,250;001,625;001,999;*
154;151,155;151,175;126,250;001,625;001,999;*
155;151,155;151,175;126,250;001,625;001,999;*
156;156,160;151,175;126,250;001,625;001,999;*
157;156,160;151,175;126,250;001,625;001,999;*
158;156,160;151,175;126,250;001,625;001,999;*
159;156,160;151,175;126,250;001,625;001,999;*
160;156,160;151,175;126,250;001,625;001,999;*
161;161,165;151,175;126,250;001,625;001,999;*
162;161,165;151,175;126,250;001,625;001,999;*
163;161,165;151,175;126,250;001,625;001,999;*
164;161,165;151,175;126,250;001,625;001,999;*
165;161,165;151,175;126,250;001,625;001,999;*
166;166,170;151,175;126,250;001,625;001,999;*
167;166,170;151,175;126,250;001,625;001,999;*
168;166,170;151,175;126,250;001,625;001,999;*
169;166,170;151,175;126,250;001,625;001,999;*
170;166,170;151,175;126,250;001,625;001,999;*
171;171,175;151,175;126,250;001,625;001,999;*
172;171,175;151,175;126,250;001,625;001,999;*
173;171,175;151,175;126,250;001,625;001,999;*
174;171,175;151,175;126,250;001,625;001,999;*
175;171,175;151,175;126,250;001,625;001,999;*
176;176,180;176,200;126,250;001,625;001,999;*
177;176,180;176,200;126,250;001,625;001,999;*
178;176,180;176,200;126,250;001,625;001,999;*
179;176,180;176,200;126,250;001,625;001,999;*
180;176,180;176,200;126,250;001,625;001,999;*
181;181,185;176,200;126,250;001,625;001,999;*
182;181,185;176,200;126,250;001,625;001,999;*
183;181,185;176,200;126,250;001,625;001,999;*
184;181,185;176,200;126,250;001,625;001,999;*
185;181,185;176,200;126,250;001,625;001,999;*
186;186,190;176,200;126,250;001,625;001,999;*
187;186,190;176,200;126,250;001,625;001,999;*
188;186,190;176,200;126,250;001,625;001,999;*
189;186,190;176,200;126,250;001,625;001,999;*
190;186,190;176,200;126,250;001,625;001,999;*
191;191,195;176,200;126,250;001,625;001,999;*
192;191,195;176,200;126,250;001,625;001,999;*
193;191,195;176,200;126,250;001,625;001,999;*
194;191,195;176,200;126,250;001,625;001,999;*
195;191,195;176,200;126,250;001,625;001,999;*
196;196,200;176,200;126,250;001,625;001,999;*
197;196,200;176,200;126,250;001,625;001,999;*
198;196,200;176,200;126,250;001,625;001,999;*
199;196,200;176,200;126,250;001,625;001,999;*
200;196,200;176,200;126,250;001,625;001,999;*
201;201,205;201,225;126,250;001,625;001,999;*
202;201,205;201,225;126,250;001,625;001,999;*
203;201,205;201,225;126,250;001,625;001,999;*
204;201,205;201,225;126,250;001,625;001,999;*
205;201,205;201,225;126,250;001,625;001,999;*
206;206,210;201,225;126,250;001,625;001,999;*
207;206,210;201,225;126,250;001,625;001,999;*
208;206,210;201,225;126,250;001,625;001,999;*
209;206,210;201,225;126,250;001,625;001,999;*
210;206,210;201,225;126,250;001,625;001,999;*
211;211,215;201,225;126,250;001,625;001,999;*
212;211,215;201,225;126,250;001,625;001,999;*
213;211,215;201,225;126,250;001,625;001,999;*
214;211,215;201,225;126,250;001,625;001,999;*
215;211,215;201,225;126,250;001,625;001,999;*
216;216,220;201,225;126,250;001,625;001,999;*
217;216,220;201,225;126,250;001,625;001,999;*
218;216,220;201,225;126,250;001,625;001,999;*
219;216,220;201,225;126,250;001,625;001,999;*
220;216,220;201,225;126,250;001,625;001,999;*
221;221,225;201,225;126,250;001,625;001,999;*
222;221,225;201,225;126,250;001,625;001,999;*
223;221,225;201,225;126,250;001,625;001,999;*
224;221,225;201,225;126,250;001,625;001,999;*
225;221,225;201,225;126,250;001,625;001,999;*
226;226,230;226,250;126,250;001,625;001,999;*
227;226,230;226,250;126,250;001,625;001,999;*
228;226,230;226,250;126,250;001,625;001,999;*
229;226,230;226,250;126,250;001,625;001,999;*
230;226,230;226,250;126,250;001,625;001,999;*
231;231,235;226,250;126,250;001,625;001,999;*
232;231,235;226,250;126,250;001,625;001,999;*
233;231,235;226,250;126,250;001,625;001,999;*
234;231,235;226,250;126,250;001,625;001,999;*
235;231,235;226,250;126,250;001,625;001,999;*
236;236,240;226,250;126,250;001,625;001,999;*
237;236,240;226,250;126,250;001,625;001,999;*
238;236,240;226,250;126,250;001,625;001,999;*
239;236,240;226,250;126,250;001,625;001,999;*
240;236,240;226,250;126,250;001,625;001,999;*
241;241,245;226,250;126,250;001,625;001,999;*
242;241,245;226,250;126,250;001,625;001,999;*
243;241,245;226,250;126,250;001,625;001,999;*
244;241,245;226,250;126,250;001,625;001,999;*
245;241,245;226,250;126,250;001,625;001,999;*
246;246,250;226,250;126,250;001,625;001,999;*
247;246,250;226,250;126,250;001,625;001,999;*
248;246,250;226,250;126,250;001,625;001,999;*
249;246,250;226,250;126,250;001,625;001,999;*
250;246,250;226,250;126,250;001,625;001,999;*
251;251,255;251,275;251,375;001,625;001,999;*
252;251,255;251,275;251,375;001,625;001,999;*
253;251,255;251,275;251,375;001,625;001,999;*
254;251,255;251,275;251,375;001,625;001,999;*
255;251,255;251,275;251,375;001,625;001,999;*
256;256,260;251,275;251,375;001,625;001,999;*
257;256,260;251,275;251,375;001,625;001,999;*
258;256,260;251,275;251,375;001,625;001,999;*
259;256,260;251,275;251,375;001,625;001,999;*
260;256,260;251,275;251,375;001,625;001,999;*
261;261,265;251,275;251,375;001,625;001,999;*
262;261,265;251,275;251,375;001,625;001,999;*
263;261,265;251,275;251,375;001,625;001,999;*
264;261,265;251,275;251,375;001,625;001,999;*
265;261,265;251,275;251,375;001,625;001,999;*
266;266,270;251,275;251,375;001,625;001,999;*
267;266,270;251,275;251,375;001,625;001,999;*
268;266,270;251,275;251,375;001,625;001,999;*
269;266,270;251,275;251,375;001,625;001,999;*
270;266,270;251,275;251,375;001,625;001,999;*
271;271,275;251,275;251,375;001,625;001,999;*
272;271,275;251,275;251,375;001,625;001,999;*
273;271,275;251,275;251,375;001,625;001,999;*
274;271,275;251,275;251,375;001,625;001,999;*
275;271,275;251,275;251,375;001,625;001,999;*
276;276,280;276,300;251,375;001,625;001,999;*
277;276,280;276,300;251,375;001,625;001,999;*
278;276,280;276,300;251,375;001,625;001,999;*
279;276,280;276,300;251,375;001,625;001,999;*
280;276,280;276,300;251,375;001,625;001,999;*
281;281,285;276,300;251,375;001,625;001,999;*
282;281,285;276,300;251,375;001,625;001,999;*
283;281,285;276,300;251,375;001,625;001,999;*
284;281,285;276,300;251,375;001,625;001,999;*
285;281,285;276,300;251,375;001,625;001,999;*
286;286,290;276,300;251,375;001,625;001,999;*
287;286,290;276,300;251,375;001,625;001,999;*
288;286,290;276,300;251,375;001,625;001,999;*
289;286,290;276,300;251,375;001,625;001,999;*
290;286,290;276,300;251,375;001,625;001,999;*
291;291,295;276,300;251,375;001,625;001,999;*
292;291,295;276,300;251,375;001,625;001,999;*
293;291,295;276,300;251,375;001,625;001,999;*
294;291,295;276,300;251,375;001,625;001,999;*
295;291,295;276,300;251,375;001,625;001,999;*
296;296,300;276,300;251,375;001,625;001,999;*
297;296,300;276,300;251,375;001,625;001,999;*
298;296,300;276,300;251,375;001,625;001,999;*
299;296,300;276,300;251,375;001,625;001,999;*
300;296,300;276,300;251,375;001,625;001,999;*
301;301,305;301,325;251,375;001,625;001,999;*
302;301,305;301,325;251,375;001,625;001,999;*
303;301,305;301,325;251,375;001,625;001,999;*
304;301,305;301,325;251,375;001,625;001,999;*
305;301,305;301,325;251,375;001,625;001,999;*
306;306,310;301,325;251,375;001,625;001,999;*
307;306,310;301,325;251,375;001,625;001,999;*
308;306,310;301,325;251,375;001,625;001,999;*
309;306,310;301,325;251,375;001,625;001,999;*
310;306,310;301,325;251,375;001,625;001,999;*
311;311,315;301,325;251,375;001,625;001,999;*
312;311,315;301,325;251,375;001,625;001,999;*
313;311,315;301,325;251,375;001,625;001,999;*
314;311,315;301,325;251,375;001,625;001,999;*
315;311,315;301,325;251,375;001,625;001,999;*
316;316,320;301,325;251,375;001,625;001,999;*
317;316,320;301,325;251,375;001,625;001,999;*
318;316,320;301,325;251,375;001,625;001,999;*
319;316,320;301,325;251,375;001,625;001,999;*
320;316,320;301,325;251,375;001,625;001,999;*
321;321,325;301,325;251,375;001,625;001,999;*
322;321,325;301,325;251,375;001,625;001,999;*
323;321,325;301,325;251,375;001,625;001,999;*
324;321,325;301,325;251,375;001,625;001,999;*
325;321,325;301,325;251,375;001,625;001,999;*
326;326,330;326,350;251,375;001,625;001,999;*
327;326,330;326,350;251,375;001,625;001,999;*
328;326,330;326,350;251,375;001,625;001,999;*
329;326,330;326,350;251,375;001,625;001,999;*
330;326,330;326,350;251,375;001,625;001,999;*
331;331,335;326,350;251,375;001,625;001,999;*
332;331,335;326,350;251,375;001,625;001,999;*
333;331,335;326,350;251,375;001,625;001,999;*
334;331,335;326,350;251,375;001,625;001,999;*
335;331,335;326,350;251,375;001,625;001,999;*
336;336,340;326,350;251,375;001,625;001,999;*
337;336,340;326,350;251,375;001,625;001,999;*
338;336,340;326,350;251,375;001,625;001,999;*
339;336,340;326,350;251,375;001,625;001,999;*
340;336,340;326,350;251,375;001,625;001,999;*
341;341,345;326,350;251,375;001,625;001,999;*
342;341,345;326,350;251,375;001,625;001,999;*
343;341,345;326,350;251,375;001,625;001,999;*
344;341,345;326,350;251,375;001,625;001,999;*
345;341,345;326,350;251,375;001,625;001,999;*
346;346,350;326,350;251,375;001,625;001,999;*
347;346,350;326,350;251,375;001,625;001,999;*
348;346,350;326,350;251,375;001,625;001,999;*
349;346,350;326,350;251,375;001,625;001,999;*
350;346,350;326,350;251,375;001,625;001,999;*
351;351,355;351,375;251,375;001,625;001,999;*
352;351,355;351,375;251,375;001,625;001,999;*
353;351,355;351,375;251,375;001,625;001,999;*
354;351,355;351,375;251,375;001,625;001,999;*
355;351,355;351,375;251,375;001,625;001,999;*
356;356,360;351,375;251,375;001,625;001,999;*
357;356,360;351,375;251,375;001,625;001,999;*
358;356,360;351,375;251,375;001,625;001,999;*
359;356,360;351,375;251,375;001,625;001,999;*
360;356,360;351,375;251,375;001,625;001,999;*
361;361,365;351,375;251,375;001,625;001,999;*
362;361,365;351,375;251,375;001,625;001,999;*
363;361,365;351,375;251,375;001,625;001,999;*
364;361,365;351,375;251,375;001,625;001,999;*
365;361,365;351,375;251,375;001,625;001,999;*
366;366,370;351,375;251,375;001,625;001,999;*
367;366,370;351,375;251,375;001,625;001,999;*
368;366,370;351,375;251,375;001,625;001,999;*
369;366,370;351,375;251,375;001,625;001,999;*
370;366,370;351,375;251,375;001,625;001,999;*
371;371,375;351,375;251,375;001,625;001,999;*
372;371,375;351,375;251,375;001,625;001,999;*
373;371,375;351,375;251,375;001,625;001,999;*
374;371,375;351,375;251,375;001,625;001,999;*
375;371,375;351,375;251,375;001,625;001,999;*
376;376,380;376,400;376,500;001,625;001,999;*
377;376,380;376,400;376,500;001,625;001,999;*
378;376,380;376,400;376,500;001,625;001,999;*
379;376,380;376,400;376,500;001,625;001,999;*
380;376,380;376,400;376,500;001,625;001,999;*
381;381,385;376,400;376,500;001,625;001,999;*
382;381,385;376,400;376,500;001,625;001,999;*
383;381,385;376,400;376,500;001,625;001,999;*
384;381,385;376,400;376,500;001,625;001,999;*
385;381,385;376,400;376,500;001,625;001,999;*
386;386,390;376,400;376,500;001,625;001,999;*
387;386,390;376,400;376,500;001,625;001,999;*
388;386,390;376,400;376,500;001,625;001,999;*
389;386,390;376,400;376,500;001,625;001,999;*
390;386,390;376,400;376,500;001,625;001,999;*
391;391,395;376,400;376,500;001,625;001,999;*
392;391,395;376,400;376,500;001,625;001,999;*
393;391,395;376,400;376,500;001,625;001,999;*
394;391,395;376,400;376,500;001,625;001,999;*
395;391,395;376,400;376,500;001,625;001,999;*
396;396,400;376,400;376,500;001,625;001,999;*
397;396,400;376,400;376,500;001,625;001,999;*
398;396,400;376,400;376,500;001,625;001,999;*
399;396,400;376,400;376,500;001,625;001,999;*
400;396,400;376,400;376,500;001,625;001,999;*
401;401,405;401,425;376,500;001,625;001,999;*
402;401,405;401,425;376,500;001,625;001,999;*
403;401,405;401,425;376,500;001,625;001,999;*
404;401,405;401,425;376,500;001,625;001,999;*
405;401,405;401,425;376,500;001,625;001,999;*
406;406,410;401,425;376,500;001,625;001,999;*
407;406,410;401,425;376,500;001,625;001,999;*
408;406,410;401,425;376,500;001,625;001,999;*
409;406,410;401,425;376,500;001,625;001,999;*
410;406,410;401,425;376,500;001,625;001,999;*
411;411,415;401,425;376,500;001,625;001,999;*
412;411,415;401,425;376,500;001,625;001,999;*
413;411,415;401,425;376,500;001,625;001,999;*
414;411,415;401,425;376,500;001,625;001,999;*
415;411,415;401,425;376,500;001,625;001,999;*
416;416,420;401,425;376,500;001,625;001,999;*
417;416,420;401,425;376,500;001,625;001,999;*
418;416,420;401,425;376,500;001,625;001,999;*
419;416,420;401,425;376,500;001,625;001,999;*
420;416,420;401,425;376,500;001,625;001,999;*
421;421,425;401,425;376,500;001,625;001,999;*
422;421,425;401,425;376,500;001,625;001,999;*
423;421,425;401,425;376,500;001,625;001,999;*
424;421,425;401,425;376,500;001,625;001,999;*
425;421,425;401,425;376,500;001,625;001,999;*
426;426,430;426,450;376,500;001,625;001,999;*
427;426,430;426,450;376,500;001,625;001,999;*
428;426,430;426,450;376,500;001,625;001,999;*
429;426,430;426,450;376,500;001,625;001,999;*
430;426,430;426,450;376,500;001,625;001,999;*
431;431,435;426,450;376,500;001,625;001,999;*
432;431,435;426,450;376,500;001,625;001,999;*
433;431,435;426,450;376,500;001,625;001,999;*
434;431,435;426,450;376,500;001,625;001,999;*
435;431,435;426,450;376,500;001,625;001,999;*
436;436,440;426,450;376,500;001,625;001,999;*
437;436,440;426,450;376,500;001,625;001,999;*
438;436,440;426,450;376,500;001,625;001,999;*
439;436,440;426,450;376,500;001,625;001,999;*
440;436,440;426,450;376,500;001,625;001,999;*
441;441,445;426,450;376,500;001,625;001,999;*
442;441,445;426,450;376,500;001,625;001,999;*
443;441,445;426,450;376,500;001,625;001,999;*
444;441,445;426,450;376,500;001,625;001,999;*
445;441,445;426,450;376,500;001,625;001,999;*
446;446,450;426,450;376,500;001,625;001,999;*
447;446,450;426,450;376,500;001,625;001,999;*
448;446,450;426,450;376,500;001,625;001,999;*
449;446,450;426,450;376,500;001,625;001,999;*
450;446,450;426,450;376,500;001,625;001,999;*
451;451,455;451,475;376,500;001,625;001,999;*
452;451,455;451,475;376,500;001,625;001,999;*
453;451,455;451,475;376,500;001,625;001,999;*
454;451,455;451,475;376,500;001,625;001,999;*
455;451,455;451,475;376,500;001,625;001,999;*
456;456,460;451,475;376,500;001,625;001,999;*
457;456,460;451,475;376,500;001,625;001,999;*
458;456,460;451,475;376,500;001,625;001,999;*
459;456,460;451,475;376,500;001,625;001,999;*
460;456,460;451,475;376,500;001,625;001,999;*
461;461,465;451,475;376,500;001,625;001,999;*
462;461,465;451,475;376,500;001,625;001,999;*
463;461,465;451,475;376,500;001,625;001,999;*
464;461,465;451,475;376,500;001,625;001,999;*
465;461,465;451,475;376,500;001,625;001,999;*
466;466,470;451,475;376,500;001,625;001,999;*
467;466,470;451,475;376,500;001,625;001,999;*
468;466,470;451,475;376,500;001,625;001,999;*
469;466,470;451,475;376,500;001,625;001,999;*
470;466,470;451,475;376,500;001,625;001,999;*
471;471,475;451,475;376,500;001,625;001,999;*
472;471,475;451,475;376,500;001,625;001,999;*
473;471,475;451,475;376,500;001,625;001,999;*
474;471,475;451,475;376,500;001,625;001,999;*
475;471,475;451,475;376,500;001,625;001,999;*
476;476,480;476,500;376,500;001,625;001,999;*
477;476,480;476,500;376,500;001,625;001,999;*
478;476,480;476,500;376,500;001,625;001,999;*
479;476,480;476,500;376,500;001,625;001,999;*
480;476,480;476,500;376,500;001,625;001,999;*
481;481,485;476,500;376,500;001,625;001,999;*
482;481,485;476,500;376,500;001,625;001,999;*
483;481,485;476,500;376,500;001,625;001,999;*
484;481,485;476,500;376,500;001,625;001,999;*
485;481,485;476,500;376,500;001,625;001,999;*
486;486,490;476,500;376,500;001,625;001,999;*
487;486,490;476,500;376,500;001,625;001,999;*
488;486,490;476,500;376,500;001,625;001,999;*
489;486,490;476,500;376,500;001,625;001,999;*
490;486,490;476,500;376,500;001,625;001,999;*
491;491,495;476,500;376,500;001,625;001,999;*
492;491,495;476,500;376,500;001,625;001,999;*
493;491,495;476,500;376,500;001,625;001,999;*
494;491,495;476,500;376,500;001,625;001,999;*
495;491,495;476,500;376,500;001,625;001,999;*
496;496,500;476,500;376,500;001,625;001,999;*
497;496,500;476,500;376,500;001,625;001,999;*
498;496,500;476,500;376,500;001,625;001,999;*
499;496,500;476,500;376,500;001,625;001,999;*
500;496,500;476,500;376,500;001,625;001,999;*
501;501,505;501,525;501,625;001,625;001,999;*
502;501,505;501,525;501,625;001,625;001,999;*
503;501,505;501,525;501,625;001,625;001,999;*
504;501,505;501,525;501,625;001,625;001,999;*
505;501,505;501,525;501,625;001,625;001,999;*
506;506,510;501,525;501,625;001,625;001,999;*
507;506,510;501,525;501,625;001,625;001,999;*
508;506,510;501,525;501,625;001,625;001,999;*
509;506,510;501,525;501,625;001,625;001,999;*
510;506,510;501,525;501,625;001,625;001,999;*
511;511,515;501,525;501,625;001,625;001,999;*
512;511,515;501,525;501,625;001,625;001,999;*
513;511,515;501,525;501,625;001,625;001,999;*
514;511,515;501,525;501,625;001,625;001,999;*
515;511,515;501,525;501,625;001,625;001,999;*
516;516,520;501,525;501,625;001,625;001,999;*
517;516,520;501,525;501,625;001,625;001,999;*
518;516,520;501,525;501,625;001,625;001,999;*
519;516,520;501,525;501,625;001,625;001,999;*
520;516,520;501,525;501,625;001,625;001,999;*
521;521,525;501,525;501,625;001,625;001,999;*
522;521,525;501,525;501,625;001,625;001,999;*
523;521,525;501,525;501,625;001,625;001,999;*
524;521,525;501,525;501,625;001,625;001,999;*
525;521,525;501,525;501,625;001,625;001,999;*
526;526,530;526,550;501,625;001,625;001,999;*
527;526,530;526,550;501,625;001,625;001,999;*
528;526,530;526,550;501,625;001,625;001,999;*
529;526,530;526,550;501,625;001,625;001,999;*
530;526,530;526,550;501,625;001,625;001,999;*
531;531,535;526,550;501,625;001,625;001,999;*
532;531,535;526,550;501,625;001,625;001,999;*
533;531,535;526,550;501,625;001,625;001,999;*
534;531,535;526,550;501,625;001,625;001,999;*
535;531,535;526,550;501,625;001,625;001,999;*
536;536,540;526,550;501,625;001,625;001,999;*
537;536,540;526,550;501,625;001,625;001,999;*
538;536,540;526,550;501,625;001,625;001,999;*
539;536,540;526,550;501,625;001,625;001,999;*
540;536,540;526,550;501,625;001,625;001,999;*
541;541,545;526,550;501,625;001,625;001,999;*
542;541,545;526,550;501,625;001,625;001,999;*
543;541,545;526,550;501,625;001,625;001,999;*
544;541,545;526,550;501,625;001,625;001,999;*
545;541,545;526,550;501,625;001,625;001,999;*
546;546,550;526,550;501,625;001,625;001,999;*
547;546,550;526,550;501,625;001,625;001,999;*
548;546,550;526,550;501,625;001,625;001,999;*
549;546,550;526,550;501,625;001,625;001,999;*
550;546,550;526,550;501,625;001,625;001,999;*
551;551,555;551,575;501,625;001,625;001,999;*
552;551,555;551,575;501,625;001,625;001,999;*
553;551,555;551,575;501,625;001,625;001,999;*
554;551,555;551,575;501,625;001,625;001,999;*
555;551,555;551,575;501,625;001,625;001,999;*
556;556,560;551,575;501,625;001,625;001,999;*
557;556,560;551,575;501,625;001,625;001,999;*
558;556,560;551,575;501,625;001,625;001,999;*
559;556,560;551,575;501,625;001,625;001,999;*
560;556,560;551,575;501,625;001,625;001,999;*
561;561,565;551,575;501,625;001,625;001,999;*
562;561,565;551,575;501,625;001,625;001,999;*
563;561,565;551,575;501,625;001,625;001,999;*
564;561,565;551,575;501,625;001,625;001,999;*
565;561,565;551,575;501,625;001,625;001,999;*
566;566,570;551,575;501,625;001,625;001,999;*
567;566,570;551,575;501,625;001,625;001,999;*
568;566,570;551,575;501,625;001,625;001,999;*
569;566,570;551,575;501,625;001,625;001,999;*
570;566,570;551,575;501,625;001,625;001,999;*
571;571,575;551,575;501,625;001,625;001,999;*
572;571,575;551,575;501,625;001,625;001,999;*
573;571,575;551,575;501,625;001,625;001,999;*
574;571,575;551,575;501,625;001,625;001,999;*
575;571,575;551,575;501,625;001,625;001,999;*
576;576,580;576,600;501,625;001,625;001,999;*
577;576,580;576,600;501,625;001,625;001,999;*
578;576,580;576,600;501,625;001,625;001,999;*
579;576,580;576,600;501,625;001,625;001,999;*
580;576,580;576,600;501,625;001,625;001,999;*
581;581,585;576,600;501,625;001,625;001,999;*
582;581,585;576,600;501,625;001,625;001,999;*
583;581,585;576,600;501,625;001,625;001,999;*
584;581,585;576,600;501,625;001,625;001,999;*
585;581,585;576,600;501,625;001,625;001,999;*
586;586,590;576,600;501,625;001,625;001,999;*
587;586,590;576,600;501,625;001,625;001,999;*
588;586,590;576,600;501,625;001,625;001,999;*
589;586,590;576,600;501,625;001,625;001,999;*
590;586,590;576,600;501,625;001,625;001,999;*
591;591,595;576,600;501,625;001,625;001,999;*
592;591,595;576,600;501,625;001,625;001,999;*
593;591,595;576,600;501,625;001,625;001,999;*
594;591,595;576,600;501,625;001,625;001,999;*
595;591,595;576,600;501,625;001,625;001,999;*
596;596,600;576,600;501,625;001,625;001,999;*
597;596,600;576,600;501,625;001,625;001,999;*
598;596,600;576,600;501,625;001,625;001,999;*
599;596,600;576,600;501,625;001,625;001,999;*
600;596,600;576,600;501,625;001,625;001,999;*
601;601,605;601,625;501,625;001,625;001,999;*
602;601,605;601,625;501,625;001,625;001,999;*
603;601,605;601,625;501,625;001,625;001,999;*
604;601,605;601,625;501,625;001,625;001,999;*
605;601,605;601,625;501,625;001,625;001,999;*
606;606,610;601,625;501,625;001,625;001,999;*
607;606,610;601,625;501,625;001,625;001,999;*
608;606,610;601,625;501,625;001,625;001,999;*
609;606,610;601,625;501,625;001,625;001,999;*
610;606,610;601,625;501,625;001,625;001,999;*
611;611,615;601,625;501,625;001,625;001,999;*
612;611,615;601,625;501,625;001,625;001,999;*
613;611,615;601,625;501,625;001,625;001,999;*
614;611,615;601,625;501,625;001,625;001,999;*
615;611,615;601,625;501,625;001,625;001,999;*
616;616,620;601,625;501,625;001,625;001,999;*
617;616,620;601,625;501,625;001,625;001,999;*
618;616,620;601,625;501,625;001,625;001,999;*
619;616,620;601,625;501,625;001,625;001,999;*
620;616,620;601,625;501,625;001,625;001,999;*
621;621,625;601,625;501,625;001,625;001,999;*
622;621,625;601,625;501,625;001,625;001,999;*
623;621,625;601,625;501,625;001,625;001,999;*
624;621,625;601,625;501,625;001,625;001,999;*
625;621,625;601,625;501,625;001,625;001,999;*
626;626,630;626,650;626,750;626,999;001,999;*
627;626,630;626,650;626,750;626,999;001,999;*
628;626,630;626,650;626,750;626,999;001,999;*
629;626,630;626,650;626,750;626,999;001,999;*
630;626,630;626,650;626,750;626,999;001,999;*
631;631,635;626,650;626,750;626,999;001,999;*
632;631,635;626,650;626,750;626,999;001,999;*
633;631,635;626,650;626,750;626,999;001,999;*
634;631,635;626,650;626,750;626,999;001,999;*
635;631,635;626,650;626,750;626,999;001,999;*
636;636,640;626,650;626,750;626,999;001,999;*
637;636,640;626,650;626,750;626,999;001,999;*
638;636,640;626,650;626,750;626,999;001,999;*
639;636,640;626,650;626,750;626,999;001,999;*
640;636,640;626,650;626,750;626,999;001,999;*
641;641,645;626,650;626,750;626,999;001,999;*
642;641,645;626,650;626,750;626,999;001,999;*
643;641,645;626,650;626,750;626,999;001,999;*
644;641,645;626,650;626,750;626,999;001,999;*
645;641,645;626,650;626,750;626,999;001,999;*
646;646,650;626,650;626,750;626,999;001,999;*
647;646,650;626,650;626,750;626,999;001,999;*
648;646,650;626,650;626,750;626,999;001,999;*
649;646,650;626,650;626,750;626,999;001,999;*
650;646,650;626,650;626,750;626,999;001,999;*
651;651,655;651,675;626,750;626,999;001,999;*
652;651,655;651,675;626,750;626,999;001,999;*
653;651,655;651,675;626,750;626,999;001,999;*
654;651,655;651,675;626,750;626,999;001,999;*
655;651,655;651,675;626,750;626,999;001,999;*
656;656,660;651,675;626,750;626,999;001,999;*
657;656,660;651,675;626,750;626,999;001,999;*
658;656,660;651,675;626,750;626,999;001,999;*
659;656,660;651,675;626,750;626,999;001,999;*
660;656,660;651,675;626,750;626,999;001,999;*
661;661,665;651,675;626,750;626,999;001,999;*
662;661,665;651,675;626,750;626,999;001,999;*
663;661,665;651,675;626,750;626,999;001,999;*
664;661,665;651,675;626,750;626,999;001,999;*
665;661,665;651,675;626,750;626,999;001,999;*
666;666,670;651,675;626,750;626,999;001,999;*
667;666,670;651,675;626,750;626,999;001,999;*
668;666,670;651,675;626,750;626,999;001,999;*
669;666,670;651,675;626,750;626,999;001,999;*
670;666,670;651,675;626,750;626,999;001,999;*
671;671,675;651,675;626,750;626,999;001,999;*
672;671,675;651,675;626,750;626,999;001,999;*
673;671,675;651,675;626,750;626,999;001,999;*
674;671,675;651,675;626,750;626,999;001,999;*
675;671,675;651,675;626,750;626,999;001,999;*
676;676,680;676,700;626,750;626,999;001,999;*
677;676,680;676,700;626,750;626,999;001,999;*
678;676,680;676,700;626,750;626,999;001,999;*
679;676,680;676,700;626,750;626,999;001,999;*
680;676,680;676,700;626,750;626,999;001,999;*
681;681,685;676,700;626,750;626,999;001,999;*
682;681,685;676,700;626,750;626,999;001,999;*
683;681,685;676,700;626,750;626,999;001,999;*
684;681,685;676,700;626,750;626,999;001,999;*
685;681,685;676,700;626,750;626,999;001,999;*
686;686,690;676,700;626,750;626,999;001,999;*
687;686,690;676,700;626,750;626,999;001,999;*
688;686,690;676,700;626,750;626,999;001,999;*
689;686,690;676,700;626,750;626,999;001,999;*
690;686,690;676,700;626,750;626,999;001,999;*
691;691,695;676,700;626,750;626,999;001,999;*
692;691,695;676,700;626,750;626,999;001,999;*
693;691,695;676,700;626,750;626,999;001,999;*
694;691,695;676,700;626,750;626,999;001,999;*
695;691,695;676,700;626,750;626,999;001,999;*
696;696,700;676,700;626,750;626,999;001,999;*
697;696,700;676,700;626,750;626,999;001,999;*
698;696,700;676,700;626,750;626,999;001,999;*
699;696,700;676,700;626,750;626,999;001,999;*
700;696,700;676,700;626,750;626,999;001,999;*
701;701,705;701,725;626,750;626,999;001,999;*
702;701,705;701,725;626,750;626,999;001,999;*
703;701,705;701,725;626,750;626,999;001,999;*
704;701,705;701,725;626,750;626,999;001,999;*
705;701,705;701,725;626,750;626,999;001,999;*
706;706,710;701,725;626,750;626,999;001,999;*
707;706,710;701,725;626,750;626,999;001,999;*
708;706,710;701,725;626,750;626,999;001,999;*
709;706,710;701,725;626,750;626,999;001,999;*
710;706,710;701,725;626,750;626,999;001,999;*
711;711,715;701,725;626,750;626,999;001,999;*
712;711,715;701,725;626,750;626,999;001,999;*
713;711,715;701,725;626,750;626,999;001,999;*
714;711,715;701,725;626,750;626,999;001,999;*
715;711,715;701,725;626,750;626,999;001,999;*
716;716,720;701,725;626,750;626,999;001,999;*
717;716,720;701,725;626,750;626,999;001,999;*
718;716,720;701,725;626,750;626,999;001,999;*
719;716,720;701,725;626,750;626,999;001,999;*
720;716,720;701,725;626,750;626,999;001,999;*
721;721,725;701,725;626,750;626,999;001,999;*
722;721,725;701,725;626,750;626,999;001,999;*
723;721,725;701,725;626,750;626,999;001,999;*
724;721,725;701,725;626,750;626,999;001,999;*
725;721,725;701,725;626,750;626,999;001,999;*
726;726,730;726,750;626,750;626,999;001,999;*
727;726,730;726,750;626,750;626,999;001,999;*
728;726,730;726,750;626,750;626,999;001,999;*
729;726,730;726,750;626,750;626,999;001,999;*
730;726,730;726,750;626,750;626,999;001,999;*
731;731,735;726,750;626,750;626,999;001,999;*
732;731,735;726,750;626,750;626,999;001,999;*
733;731,735;726,750;626,750;626,999;001,999;*
734;731,735;726,750;626,750;626,999;001,999;*
735;731,735;726,750;626,750;626,999;001,999;*
736;736,740;726,750;626,750;626,999;001,999;*
737;736,740;726,750;626,750;626,999;001,999;*
738;736,740;726,750;626,750;626,999;001,999;*
739;736,740;726,750;626,750;626,999;001,999;*
740;736,740;726,750;626,750;626,999;001,999;*
741;741,745;726,750;626,750;626,999;001,999;*
742;741,745;726,750;626,750;626,999;001,999;*
743;741,745;726,750;626,750;626,999;001,999;*
744;741,745;726,750;626,750;626,999;001,999;*
745;741,745;726,750;626,750;626,999;001,999;*
746;746,750;726,750;626,750;626,999;001,999;*
747;746,750;726,750;626,750;626,999;001,999;*
748;746,750;726,750;626,750;626,999;001,999;*
749;746,750;726,750;626,750;626,999;001,999;*
750;746,750;726,750;626,750;626,999;001,999;*
751;751,755;751,775;751,875;626,999;001,999;*
752;751,755;751,775;751,875;626,999;001,999;*
753;751,755;751,775;751,875;626,999;001,999;*
754;751,755;751,775;751,875;626,999;001,999;*
755;751,755;751,775;751,875;626,999;001,999;*
756;756,760;751,775;751,875;626,999;001,999;*
757;756,760;751,775;751,875;626,999;001,999;*
758;756,760;751,775;751,875;626,999;001,999;*
759;756,760;751,775;751,875;626,999;001,999;*
760;756,760;751,775;751,875;626,999;001,999;*
761;761,765;751,775;751,875;626,999;001,999;*
762;761,765;751,775;751,875;626,999;001,999;*
763;761,765;751,775;751,875;626,999;001,999;*
764;761,765;751,775;751,875;626,999;001,999;*
765;761,765;751,775;751,875;626,999;001,999;*
766;766,770;751,775;751,875;626,999;001,999;*
767;766,770;751,775;751,875;626,999;001,999;*
768;766,770;751,775;751,875;626,999;001,999;*
769;766,770;751,775;751,875;626,999;001,999;*
770;766,770;751,775;751,875;626,999;001,999;*
771;771,775;751,775;751,875;626,999;001,999;*
772;771,775;751,775;751,875;626,999;001,999;*
773;771,775;751,775;751,875;626,999;001,999;*
774;771,775;751,775;751,875;626,999;001,999;*
775;771,775;751,775;751,875;626,999;001,999;*
776;776,780;776,800;751,875;626,999;001,999;*
777;776,780;776,800;751,875;626,999;001,999;*
778;776,780;776,800;751,875;626,999;001,999;*
779;776,780;776,800;751,875;626,999;001,999;*
780;776,780;776,800;751,875;626,999;001,999;*
781;781,785;776,800;751,875;626,999;001,999;*
782;781,785;776,800;751,875;626,999;001,999;*
783;781,785;776,800;751,875;626,999;001,999;*
784;781,785;776,800;751,875;626,999;001,999;*
785;781,785;776,800;751,875;626,999;001,999;*
786;786,790;776,800;751,875;626,999;001,999;*
787;786,790;776,800;751,875;626,999;001,999;*
788;786,790;776,800;751,875;626,999;001,999;*
789;786,790;776,800;751,875;626,999;001,999;*
790;786,790;776,800;751,875;626,999;001,999;*
791;791,795;776,800;751,875;626,999;001,999;*
792;791,795;776,800;751,875;626,999;001,999;*
793;791,795;776,800;751,875;626,999;001,999;*
794;791,795;776,800;751,875;626,999;001,999;*
795;791,795;776,800;751,875;626,999;001,999;*
796;796,800;776,800;751,875;626,999;001,999;*
797;796,800;776,800;751,875;626,999;001,999;*
798;796,800;776,800;751,875;626,999;001,999;*
799;796,800;776,800;751,875;626,999;001,999;*
800;796,800;776,800;751,875;626,999;001,999;*
801;801,805;801,825;751,875;626,999;001,999;*
802;801,805;801,825;751,875;626,999;001,999;*
803;801,805;801,825;751,875;626,999;001,999;*
804;801,805;801,825;751,875;626,999;001,999;*
805;801,805;801,825;751,875;626,999;001,999;*
806;806,810;801,825;751,875;626,999;001,999;*
807;806,810;801,825;751,875;626,999;001,999;*
808;806,810;801,825;751,875;626,999;001,999;*
809;806,810;801,825;751,875;626,999;001,999;*
810;806,810;801,825;751,875;626,999;001,999;*
811;811,815;801,825;751,875;626,999;001,999;*
812;811,815;801,825;751,875;626,999;001,999;*
813;811,815;801,825;751,875;626,999;001,999;*
814;811,815;801,825;751,875;626,999;001,999;*
815;811,815;801,825;751,875;626,999;001,999;*
816;816,820;801,825;751,875;626,999;001,999;*
817;816,820;801,825;751,875;626,999;001,999;*
818;816,820;801,825;751,875;626,999;001,999;*
819;816,820;801,825;751,875;626,999;001,999;*
820;816,820;801,825;751,875;626,999;001,999;*
821;821,825;801,825;751,875;626,999;001,999;*
822;821,825;801,825;751,875;626,999;001,999;*
823;821,825;801,825;751,875;626,999;001,999;*
824;821,825;801,825;751,875;626,999;001,999;*
825;821,825;801,825;751,875;626,999;001,999;*
826;826,830;826,850;751,875;626,999;001,999;*
827;826,830;826,850;751,875;626,999;001,999;*
828;826,830;826,850;751,875;626,999;001,999;*
829;826,830;826,850;751,875;626,999;001,999;*
830;826,830;826,850;751,875;626,999;001,999;*
831;831,835;826,850;751,875;626,999;001,999;*
832;831,835;826,850;751,875;626,999;001,999;*
833;831,835;826,850;751,875;626,999;001,999;*
834;831,835;826,850;751,875;626,999;001,999;*
835;831,835;826,850;751,875;626,999;001,999;*
836;836,840;826,850;751,875;626,999;001,999;*
837;836,840;826,850;751,875;626,999;001,999;*
838;836,840;826,850;751,875;626,999;001,999;*
839;836,840;826,850;751,875;626,999;001,999;*
840;836,840;826,850;751,875;626,999;001,999;*
841;841,845;826,850;751,875;626,999;001,999;*
842;841,845;826,850;751,875;626,999;001,999;*
843;841,845;826,850;751,875;626,999;001,999;*
844;841,845;826,850;751,875;626,999;001,999;*
845;841,845;826,850;751,875;626,999;001,999;*
846;846,850;826,850;751,875;626,999;001,999;*
847;846,850;826,850;751,875;626,999;001,999;*
848;846,850;826,850;751,875;626,999;001,999;*
849;846,850;826,850;751,875;626,999;001,999;*
850;846,850;826,850;751,875;626,999;001,999;*
851;851,855;851,875;751,875;626,999;001,999;*
852;851,855;851,875;751,875;626,999;001,999;*
853;851,855;851,875;751,875;626,999;001,999;*
854;851,855;851,875;751,875;626,999;001,999;*
855;851,855;851,875;751,875;626,999;001,999;*
856;856,860;851,875;751,875;626,999;001,999;*
857;856,860;851,875;751,875;626,999;001,999;*
858;856,860;851,875;751,875;626,999;001,999;*
859;856,860;851,875;751,875;626,999;001,999;*
860;856,860;851,875;751,875;626,999;001,999;*
861;861,865;851,875;751,875;626,999;001,999;*
862;861,865;851,875;751,875;626,999;001,999;*
863;861,865;851,875;751,875;626,999;001,999;*
864;861,865;851,875;751,875;626,999;001,999;*
865;861,865;851,875;751,875;626,999;001,999;*
866;866,870;851,875;751,875;626,999;001,999;*
867;866,870;851,875;751,875;626,999;001,999;*
868;866,870;851,875;751,875;626,999;001,999;*
869;866,870;851,875;751,875;626,999;001,999;*
870;866,870;851,875;751,875;626,999;001,999;*
871;871,875;851,875;751,875;626,999;001,999;*
872;871,875;851,875;751,875;626,999;001,999;*
873;871,875;851,875;751,875;626,999;001,999;*
874;871,875;851,875;751,875;626,999;001,999;*
875;871,875;851,875;751,875;626,999;001,999;*
876;876,880;876,900;876,999;626,999;001,999;*
877;876,880;876,900;876,999;626,999;001,999;*
878;876,880;876,900;876,999;626,999;001,999;*
879;876,880;876,900;876,999;626,999;001,999;*
880;876,880;876,900;876,999;626,999;001,999;*
881;881,885;876,900;876,999;626,999;001,999;*
882;881,885;876,900;876,999;626,999;001,999;*
883;881,885;876,900;876,999;626,999;001,999;*
884;881,885;876,900;876,999;626,999;001,999;*
885;881,885;876,900;876,999;626,999;001,999;*
886;886,890;876,900;876,999;626,999;001,999;*
887;886,890;876,900;876,999;626,999;001,999;*
888;886,890;876,900;876,999;626,999;001,999;*
889;886,890;876,900;876,999;626,999;001,999;*
890;886,890;876,900;876,999;626,999;001,999;*
891;891,895;876,900;876,999;626,999;001,999;*
892;891,895;876,900;876,999;626,999;001,999;*
893;891,895;876,900;876,999;626,999;001,999;*
894;891,895;876,900;876,999;626,999;001,999;*
895;891,895;876,900;876,999;626,999;001,999;*
896;896,900;876,900;876,999;626,999;001,999;*
897;896,900;876,900;876,999;626,999;001,999;*
898;896,900;876,900;876,999;626,999;001,999;*
899;896,900;876,900;876,999;626,999;001,999;*
900;896,900;876,900;876,999;626,999;001,999;*
901;901,905;901,925;876,999;626,999;001,999;*
902;901,905;901,925;876,999;626,999;001,999;*
903;901,905;901,925;876,999;626,999;001,999;*
904;901,905;901,925;876,999;626,999;001,999;*
905;901,905;901,925;876,999;626,999;001,999;*
906;906,910;901,925;876,999;626,999;001,999;*
907;906,910;901,925;876,999;626,999;001,999;*
908;906,910;901,925;876,999;626,999;001,999;*
909;906,910;901,925;876,999;626,999;001,999;*
910;906,910;901,925;876,999;626,999;001,999;*
911;911,915;901,925;876,999;626,999;001,999;*
912;911,915;901,925;876,999;626,999;001,999;*
913;911,915;901,925;876,999;626,999;001,999;*
914;911,915;901,925;876,999;626,999;001,999;*
915;911,915;901,925;876,999;626,999;001,999;*
916;916,920;901,925;876,999;626,999;001,999;*
917;916,920;901,925;876,999;626,999;001,999;*
918;916,920;901,925;876,999;626,999;001,999;*
919;916,920;901,925;876,999;626,999;001,999;*
920;916,920;901,925;876,999;626,999;001,999;*
921;921,925;901,925;876,999;626,999;001,999;*
922;921,925;901,925;876,999;626,999;001,999;*
923;921,925;901,925;876,999;626,999;001,999;*
924;921,925;901,925;876,999;626,999;001,999;*
925;921,925;901,925;876,999;626,999;001,999;*
926;926,930;926,950;876,999;626,999;001,999;*
927;926,930;926,950;876,999;626,999;001,999;*
928;926,930;926,950;876,999;626,999;001,999;*
929;926,930;926,950;876,999;626,999;001,999;*
930;926,930;926,950;876,999;626,999;001,999;*
931;931,935;926,950;876,999;626,999;001,999;*
932;931,935;926,950;876,999;626,999;001,999;*
933;931,935;926,950;876,999;626,999;001,999;*
934;931,935;926,950;876,999;626,999;001,999;*
935;931,935;926,950;876,999;626,999;001,999;*
936;936,940;926,950;876,999;626,999;001,999;*
937;936,940;926,950;876,999;626,999;001,999;*
938;936,940;926,950;876,999;626,999;001,999;*
939;936,940;926,950;876,999;626,999;001,999;*
940;936,940;926,950;876,999;626,999;001,999;*
941;941,945;926,950;876,999;626,999;001,999;*
942;941,945;926,950;876,999;626,999;001,999;*
943;941,945;926,950;876,999;626,999;001,999;*
944;941,945;926,950;876,999;626,999;001,999;*
945;941,945;926,950;876,999;626,999;001,999;*
946;946,950;926,950;876,999;626,999;001,999;*
947;946,950;926,950;876,999;626,999;001,999;*
948;946,950;926,950;876,999;626,999;001,999;*
949;946,950;926,950;876,999;626,999;001,999;*
950;946,950;926,950;876,999;626,999;001,999;*
951;951,955;951,975;876,999;626,999;001,999;*
952;951,955;951,975;876,999;626,999;001,999;*
953;951,955;951,975;876,999;626,999;001,999;*
954;951,955;951,975;876,999;626,999;001,999;*
955;951,955;951,975;876,999;626,999;001,999;*
956;956,960;951,975;876,999;626,999;001,999;*
957;956,960;951,975;876,999;626,999;001,999;*
958;956,960;951,975;876,999;626,999;001,999;*
959;956,960;951,975;876,999;626,999;001,999;*
960;956,960;951,975;876,999;626,999;001,999;*
961;961,965;951,975;876,999;626,999;001,999;*
962;961,965;951,975;876,999;626,999;001,999;*
963;961,965;951,975;876,999;626,999;001,999;*
964;961,965;951,975;876,999;626,999;001,999;*
965;961,965;951,975;876,999;626,999;001,999;*
966;966,970;951,975;876,999;626,999;001,999;*
967;966,970;951,975;876,999;626,999;001,999;*
968;966,970;951,975;876,999;626,999;001,999;*
969;966,970;951,975;876,999;626,999;001,999;*
970;966,970;951,975;876,999;626,999;001,999;*
971;971,975;951,975;876,999;626,999;001,999;*
972;971,975;951,975;876,999;626,999;001,999;*
973;971,975;951,975;876,999;626,999;001,999;*
974;971,975;951,975;876,999;626,999;001,999;*
975;971,975;951,975;876,999;626,999;001,999;*
976;976,980;976,999;876,999;626,999;001,999;*
977;976,980;976,999;876,999;626,999;001,999;*
978;976,980;976,999;876,999;626,999;001,999;*
979;976,980;976,999;876,999;626,999;001,999;*
980;976,980;976,999;876,999;626,999;001,999;*
981;981,985;976,999;876,999;626,999;001,999;*
982;981,985;976,999;876,999;626,999;001,999;*
983;981,985;976,999;876,999;626,999;001,999;*
984;981,985;976,999;876,999;626,999;001,999;*
985;981,985;976,999;876,999;626,999;001,999;*
986;986,990;976,999;876,999;626,999;001,999;*
987;986,990;976,999;876,999;626,999;001,999;*
988;986,990;976,999;876,999;626,999;001,999;*
989;986,990;976,999;876,999;626,999;001,999;*
990;986,990;976,999;876,999;626,999;001,999;*
991;991,995;976,999;876,999;626,999;001,999;*
992;991,995;976,999;876,999;626,999;001,999;*
993;991,995;976,999;876,999;626,999;001,999;*
994;991,995;976,999;876,999;626,999;001,999;*
995;991,995;976,999;876,999;626,999;001,999;*
996;996,999;976,999;876,999;626,999;001,999;*
997;996,999;976,999;876,999;626,999;001,999;*
998;996,999;976,999;876,999;626,999;001,999;*
999;996,999;976,999;876,999;626,999;001,999;*
V01;V01,V05;V01,V25;V01,V89;*
V02;V01,V05;V01,V25;V01,V89;*
V03;V01,V05;V01,V25;V01,V89;*
V04;V01,V05;V01,V25;V01,V89;*
V05;V01,V05;V01,V25;V01,V89;*
V06;V06,V10;V01,V25;V01,V89;*
V07;V06,V10;V01,V25;V01,V89;*
V08;V06,V10;V01,V25;V01,V89;*
V09;V06,V10;V01,V25;V01,V89;*
V10;V06,V10;V01,V25;V01,V89;*
V11;V11,V15;V01,V25;V01,V89;*
V12;V11,V15;V01,V25;V01,V89;*
V13;V11,V15;V01,V25;V01,V89;*
V14;V11,V15;V01,V25;V01,V89;*
V15;V11,V15;V01,V25;V01,V89;*
V16;V16,V20;V01,V25;V01,V89;*
V17;V16,V20;V01,V25;V01,V89;*
V18;V16,V20;V01,V25;V01,V89;*
V19;V16,V20;V01,V25;V01,V89;*
V20;V16,V20;V01,V25;V01,V89;*
V21;V21,V25;V01,V25;V01,V89;*
V22;V21,V25;V01,V25;V01,V89;*
V23;V21,V25;V01,V25;V01,V89;*
V24;V21,V25;V01,V25;V01,V89;*
V25;V21,V25;V01,V25;V01,V89;*
V26;V26,V30;V26,V50;V01,V89;*
V27;V26,V30;V26,V50;V01,V89;*
V28;V26,V30;V26,V50;V01,V89;*
V29;V26,V30;V26,V50;V01,V89;*
V30;V26,V30;V26,V50;V01,V89;*
V31;V31,V35;V26,V50;V01,V89;*
V32;V31,V35;V26,V50;V01,V89;*
V33;V31,V35;V26,V50;V01,V89;*
V34;V31,V35;V26,V50;V01,V89;*
V35;V31,V35;V26,V50;V01,V89;*
V36;V36,V40;V26,V50;V01,V89;*
V37;V36,V40;V26,V50;V01,V89;*
V38;V36,V40;V26,V50;V01,V89;*
V39;V36,V40;V26,V50;V01,V89;*
V40;V36,V40;V26,V50;V01,V89;*
V41;V41,V45;V26,V50;V01,V89;*
V42;V41,V45;V26,V50;V01,V89;*
V43;V41,V45;V26,V50;V01,V89;*
V44;V41,V45;V26,V50;V01,V89;*
V45;V41,V45;V26,V50;V01,V89;*
V46;V46,V50;V26,V50;V01,V89;*
V47;V46,V50;V26,V50;V01,V89;*
V48;V46,V50;V26,V50;V01,V89;*
V49;V46,V50;V26,V50;V01,V89;*
V50;V46,V50;V26,V50;V01,V89;*
V51;V51,V55;V51,V75;V01,V89;*
V52;V51,V55;V51,V75;V01,V89;*
V53;V51,V55;V51,V75;V01,V89;*
V54;V51,V55;V51,V75;V01,V89;*
V55;V51,V55;V51,V75;V01,V89;*
V56;V56,V60;V51,V75;V01,V89;*
V57;V56,V60;V51,V75;V01,V89;*
V58;V56,V60;V51,V75;V01,V89;*
V59;V56,V60;V51,V75;V01,V89;*
V60;V56,V60;V51,V75;V01,V89;*
V61;V61,V65;V51,V75;V01,V89;*
V62;V61,V65;V51,V75;V01,V89;*
V63;V61,V65;V51,V75;V01,V89;*
V64;V61,V65;V51,V75;V01,V89;*
V65;V61,V65;V51,V75;V01,V89;*
V66;V66,V70;V51,V75;V01,V89;*
V67;V66,V70;V51,V75;V01,V89;*
V68;V66,V70;V51,V75;V01,V89;*
V69;V66,V70;V51,V75;V01,V89;*
V70;V66,V70;V51,V75;V01,V89;*
V71;V71,V75;V51,V75;V01,V89;*
V72;V71,V75;V51,V75;V01,V89;*
V73;V71,V75;V51,V75;V01,V89;*
V74;V71,V75;V51,V75;V01,V89;*
V75;V71,V75;V51,V75;V01,V89;*
V76;V76,V80;V76,V89;V01,V89;*
V77;V76,V80;V76,V89;V01,V89;*
V78;V76,V80;V76,V89;V01,V89;*
V79;V76,V80;V76,V89;V01,V89;*
V80;V76,V80;V76,V89;V01,V89;*
V81;V81,V85;V76,V89;V01,V89;*
V82;V81,V85;V76,V89;V01,V89;*
V83;V81,V85;V76,V89;V01,V89;*
V84;V81,V85;V76,V89;V01,V89;*
V85;V81,V85;V76,V89;V01,V89;*
V86;V86,V89;V76,V89;V01,V89;*
V87;V86,V89;V76,V89;V01,V89;*
V88;V86,V89;V76,V89;V01,V89;*
V89;V86,V89;V76,V89;V01,V89;*
E800;E800,E804;E800,E824;E800,E924;E800,E999;*
E801;E800,E804;E800,E824;E800,E924;E800,E999;*
E802;E800,E804;E800,E824;E800,E924;E800,E999;*
E803;E800,E804;E800,E824;E800,E924;E800,E999;*
E804;E800,E804;E800,E824;E800,E924;E800,E999;*
E805;E805,E809;E800,E824;E800,E924;E800,E999;*
E806;E805,E809;E800,E824;E800,E924;E800,E999;*
E807;E805,E809;E800,E824;E800,E924;E800,E999;*
E808;E805,E809;E800,E824;E800,E924;E800,E999;*
E809;E805,E809;E800,E824;E800,E924;E800,E999;*
E810;E810,E814;E800,E824;E800,E924;E800,E999;*
E811;E810,E814;E800,E824;E800,E924;E800,E999;*
E812;E810,E814;E800,E824;E800,E924;E800,E999;*
E813;E810,E814;E800,E824;E800,E924;E800,E999;*
E814;E810,E814;E800,E824;E800,E924;E800,E999;*
E815;E815,E819;E800,E824;E800,E924;E800,E999;*
E816;E815,E819;E800,E824;E800,E924;E800,E999;*
E817;E815,E819;E800,E824;E800,E924;E800,E999;*
E818;E815,E819;E800,E824;E800,E924;E800,E999;*
E819;E815,E819;E800,E824;E800,E924;E800,E999;*
E820;E820,E824;E800,E824;E800,E924;E800,E999;*
E821;E820,E824;E800,E824;E800,E924;E800,E999;*
E822;E820,E824;E800,E824;E800,E924;E800,E999;*
E823;E820,E824;E800,E824;E800,E924;E800,E999;*
E824;E820,E824;E800,E824;E800,E924;E800,E999;*
E825;E825,E829;E825,E849;E800,E924;E800,E999;*
E826;E825,E829;E825,E849;E800,E924;E800,E999;*
E827;E825,E829;E825,E849;E800,E924;E800,E999;*
E828;E825,E829;E825,E849;E800,E924;E800,E999;*
E829;E825,E829;E825,E849;E800,E924;E800,E999;*
E830;E830,E834;E825,E849;E800,E924;E800,E999;*
E831;E830,E834;E825,E849;E800,E924;E800,E999;*
E832;E830,E834;E825,E849;E800,E924;E800,E999;*
E833;E830,E834;E825,E849;E800,E924;E800,E999;*
E834;E830,E834;E825,E849;E800,E924;E800,E999;*
E835;E835,E839;E825,E849;E800,E924;E800,E999;*
E836;E835,E839;E825,E849;E800,E924;E800,E999;*
E837;E835,E839;E825,E849;E800,E924;E800,E999;*
E838;E835,E839;E825,E849;E800,E924;E800,E999;*
E839;E835,E839;E825,E849;E800,E924;E800,E999;*
E840;E840,E844;E825,E849;E800,E924;E800,E999;*
E841;E840,E844;E825,E849;E800,E924;E800,E999;*
E842;E840,E844;E825,E849;E800,E924;E800,E999;*
E843;E840,E844;E825,E849;E800,E924;E800,E999;*
E844;E840,E844;E825,E849;E800,E924;E800,E999;*
E845;E845,E849;E825,E849;E800,E924;E800,E999;*
E846;E845,E849;E825,E849;E800,E924;E800,E999;*
E847;E845,E849;E825,E849;E800,E924;E800,E999;*
E848;E845,E849;E825,E849;E800,E924;E800,E999;*
E849;E845,E849;E825,E849;E800,E924;E800,E999;*
E850;E850,E854;E850,E874;E800,E924;E800,E999;*
E851;E850,E854;E850,E874;E800,E924;E800,E999;*
E852;E850,E854;E850,E874;E800,E924;E800,E999;*
E853;E850,E854;E850,E874;E800,E924;E800,E999;*
E854;E850,E854;E850,E874;E800,E924;E800,E999;*
E855;E855,E859;E850,E874;E800,E924;E800,E999;*
E856;E855,E859;E850,E874;E800,E924;E800,E999;*
E857;E855,E859;E850,E874;E800,E924;E800,E999;*
E858;E855,E859;E850,E874;E800,E924;E800,E999;*
E859;E855,E859;E850,E874;E800,E924;E800,E999;*
E860;E860,E864;E850,E874;E800,E924;E800,E999;*
E861;E860,E864;E850,E874;E800,E924;E800,E999;*
E862;E860,E864;E850,E874;E800,E924;E800,E999;*
E863;E860,E864;E850,E874;E800,E924;E800,E999;*
E864;E860,E864;E850,E874;E800,E924;E800,E999;*
E865;E865,E869;E850,E874;E800,E924;E800,E999;*
E866;E865,E869;E850,E874;E800,E924;E800,E999;*
E867;E865,E869;E850,E874;E800,E924;E800,E999;*
E868;E865,E869;E850,E874;E800,E924;E800,E999;*
E869;E865,E869;E850,E874;E800,E924;E800,E999;*
E870;E870,E874;E850,E874;E800,E924;E800,E999;*
E871;E870,E874;E850,E874;E800,E924;E800,E999;*
E872;E870,E874;E850,E874;E800,E924;E800,E999;*
E873;E870,E874;E850,E874;E800,E924;E800,E999;*
E874;E870,E874;E850,E874;E800,E924;E800,E999;*
E875;E875,E879;E875,E899;E800,E924;E800,E999;*
E876;E875,E879;E875,E899;E800,E924;E800,E999;*
E877;E875,E879;E875,E899;E800,E924;E800,E999;*
E878;E875,E879;E875,E899;E800,E924;E800,E999;*
E879;E875,E879;E875,E899;E800,E924;E800,E999;*
E880;E880,E884;E875,E899;E800,E924;E800,E999;*
E881;E880,E884;E875,E899;E800,E924;E800,E999;*
E882;E880,E884;E875,E899;E800,E924;E800,E999;*
E883;E880,E884;E875,E899;E800,E924;E800,E999;*
E884;E880,E884;E875,E899;E800,E924;E800,E999;*
E885;E885,E889;E875,E899;E800,E924;E800,E999;*
E886;E885,E889;E875,E899;E800,E924;E800,E999;*
E887;E885,E889;E875,E899;E800,E924;E800,E999;*
E888;E885,E889;E875,E899;E800,E924;E800,E999;*
E889;E885,E889;E875,E899;E800,E924;E800,E999;*
E890;E890,E894;E875,E899;E800,E924;E800,E999;*
E891;E890,E894;E875,E899;E800,E924;E800,E999;*
E892;E890,E894;E875,E899;E800,E924;E800,E999;*
E893;E890,E894;E875,E899;E800,E924;E800,E999;*
E894;E890,E894;E875,E899;E800,E924;E800,E999;*
E895;E895,E899;E875,E899;E800,E924;E800,E999;*
E896;E895,E899;E875,E899;E800,E924;E800,E999;*
E897;E895,E899;E875,E899;E800,E924;E800,E999;*
E898;E895,E899;E875,E899;E800,E924;E800,E999;*
E899;E895,E899;E875,E899;E800,E924;E800,E999;*
E900;E900,E904;E900,E924;E800,E924;E800,E999;*
E901;E900,E904;E900,E924;E800,E924;E800,E999;*
E902;E900,E904;E900,E924;E800,E924;E800,E999;*
E903;E900,E904;E900,E924;E800,E924;E800,E999;*
E904;E900,E904;E900,E924;E800,E924;E800,E999;*
E905;E905,E909;E900,E924;E800,E924;E800,E999;*
E906;E905,E909;E900,E924;E800,E924;E800,E999;*
E907;E905,E909;E900,E924;E800,E924;E800,E999;*
E908;E905,E909;E900,E924;E800,E924;E800,E999;*
E909;E905,E909;E900,E924;E800,E924;E800,E999;*
E910;E910,E914;E900,E924;E800,E924;E800,E999;*
E911;E910,E914;E900,E924;E800,E924;E800,E999;*
E912;E910,E914;E900,E924;E800,E924;E800,E999;*
E913;E910,E914;E900,E924;E800,E924;E800,E999;*
E914;E910,E914;E900,E924;E800,E924;E800,E999;*
E915;E915,E919;E900,E924;E800,E924;E800,E999;*
E916;E915,E919;E900,E924;E800,E924;E800,E999;*
E917;E915,E919;E900,E924;E800,E924;E800,E999;*
E918;E915,E919;E900,E924;E800,E924;E800,E999;*
E919;E915,E919;E900,E924;E800,E924;E800,E999;*
E920;E920,E924;E900,E924;E800,E924;E800,E999;*
E921;E920,E924;E900,E924;E800,E924;E800,E999;*
E922;E920,E924;E900,E924;E800,E924;E800,E999;*
E923;E920,E924;E900,E924;E800,E924;E800,E999;*
E924;E920,E924;E900,E924;E800,E924;E800,E999;*
E925;E925,E929;E925,E949;E925,E999;E800,E999;*
E926;E925,E929;E925,E949;E925,E999;E800,E999;*
E927;E925,E929;E925,E949;E925,E999;E800,E999;*
E928;E925,E929;E925,E949;E925,E999;E800,E999;*
E929;E925,E929;E925,E949;E925,E999;E800,E999;*
E930;E930,E934;E925,E949;E925,E999;E800,E999;*
E931;E930,E934;E925,E949;E925,E999;E800,E999;*
E932;E930,E934;E925,E949;E925,E999;E800,E999;*
E933;E930,E934;E925,E949;E925,E999;E800,E999;*
E934;E930,E934;E925,E949;E925,E999;E800,E999;*
E935;E935,E939;E925,E949;E925,E999;E800,E999;*
E936;E935,E939;E925,E949;E925,E999;E800,E999;*
E937;E935,E939;E925,E949;E925,E999;E800,E999;*
E938;E935,E939;E925,E949;E925,E999;E800,E999;*
E939;E935,E939;E925,E949;E925,E999;E800,E999;*
E940;E940,E944;E925,E949;E925,E999;E800,E999;*
E941;E940,E944;E925,E949;E925,E999;E800,E999;*
E942;E940,E944;E925,E949;E925,E999;E800,E999;*
E943;E940,E944;E925,E949;E925,E999;E800,E999;*
E944;E940,E944;E925,E949;E925,E999;E800,E999;*
E945;E945,E949;E925,E949;E925,E999;E800,E999;*
E946;E945,E949;E925,E949;E925,E999;E800,E999;*
E947;E945,E949;E925,E949;E925,E999;E800,E999;*
E948;E945,E949;E925,E949;E925,E999;E800,E999;*
E949;E945,E949;E925,E949;E925,E999;E800,E999;*
E950;E950,E954;E950,E974;E925,E999;E800,E999;*
E951;E950,E954;E950,E974;E925,E999;E800,E999;*
E952;E950,E954;E950,E974;E925,E999;E800,E999;*
E953;E950,E954;E950,E974;E925,E999;E800,E999;*
E954;E950,E954;E950,E974;E925,E999;E800,E999;*
E955;E955,E959;E950,E974;E925,E999;E800,E999;*
E956;E955,E959;E950,E974;E925,E999;E800,E999;*
E957;E955,E959;E950,E974;E925,E999;E800,E999;*
E958;E955,E959;E950,E974;E925,E999;E800,E999;*
E959;E955,E959;E950,E974;E925,E999;E800,E999;*
E960;E960,E964;E950,E974;E925,E999;E800,E999;*
E961;E960,E964;E950,E974;E925,E999;E800,E999;*
E962;E960,E964;E950,E974;E925,E999;E800,E999;*
E963;E960,E964;E950,E974;E925,E999;E800,E999;*
E964;E960,E964;E950,E974;E925,E999;E800,E999;*
E965;E965,E969;E950,E974;E925,E999;E800,E999;*
E966;E965,E969;E950,E974;E925,E999;E800,E999;*
E967;E965,E969;E950,E974;E925,E999;E800,E999;*
E968;E965,E969;E950,E974;E925,E999;E800,E999;*
E969;E965,E969;E950,E974;E925,E999;E800,E999;*
E970;E970,E974;E950,E974;E925,E999;E800,E999;*
E971;E970,E974;E950,E974;E925,E999;E800,E999;*
E972;E970,E974;E950,E974;E925,E999;E800,E999;*
E973;E970,E974;E950,E974;E925,E999;E800,E999;*
E974;E970,E974;E950,E974;E925,E999;E800,E999;*
E975;E975,E979;E975,E999;E925,E999;E800,E999;*
E976;E975,E979;E975,E999;E925,E999;E800,E999;*
E977;E975,E979;E975,E999;E925,E999;E800,E999;*
E978;E975,E979;E975,E999;E925,E999;E800,E999;*
E979;E975,E979;E975,E999;E925,E999;E800,E999;*
E980;E980,E984;E975,E999;E925,E999;E800,E999;*
E981;E980,E984;E975,E999;E925,E999;E800,E999;*
E982;E980,E984;E975,E999;E925,E999;E800,E999;*
E983;E980,E984;E975,E999;E925,E999;E800,E999;*
E984;E980,E984;E975,E999;E925,E999;E800,E999;*
E985;E985,E989;E975,E999;E925,E999;E800,E999;*
E986;E985,E989;E975,E999;E925,E999;E800,E999;*
E987;E985,E989;E975,E999;E925,E999;E800,E999;*
E988;E985,E989;E975,E999;E925,E999;E800,E999;*
E989;E985,E989;E975,E999;E925,E999;E800,E999;*
E990;E990,E994;E975,E999;E925,E999;E800,E999;*
E991;E990,E994;E975,E999;E925,E999;E800,E999;*
E992;E990,E994;E975,E999;E925,E999;E800,E999;*
E993;E990,E994;E975,E999;E925,E999;E800,E999;*
E994;E990,E994;E975,E999;E925,E999;E800,E999;*
E995;E995,E999;E975,E999;E925,E999;E800,E999;*
E996;E995,E999;E975,E999;E925,E999;E800,E999;*
E997;E995,E999;E975,E999;E925,E999;E800,E999;*
E998;E995,E999;E975,E999;E925,E999;E800,E999;*
E999;E995,E999;E975,E999;E925,E999;E800,E999;*
